MAE=502.6346992520199
MSE=393429.1591415803
