MAE=546.232044±49.859526
MSE=466156.970041±78560.927281
