MAE=425.2301071294418
MSE=304264.04752370465
