MAE=526.3864272888131
MSE=461777.54658419854
