MAE=498.63688172743
MSE=418451.404422031
