MAE=327.3114192927158
MSE=192591.29998488122
