MAE=354.699926±38.647371
MSE=225315.691604±43527.436856
