MAE=337.98504631348595
MSE=202508.7336952358
