MAE=603.46339596406
MSE=558108.5513793008
