MAE=335.3629416017025
MSE=199255.92640291183
