MAE=367.48648548473415
MSE=240698.00908213042
