MAE=328.7395014881249
MSE=198075.16238604122
