MAE=328.387437517057
MSE=197761.3024232151
