MAE=463.58462845452743
MSE=360031.23454067914
