MAE=522.036858±14.657388
MSE=450781.556876±21953.344604
