MAE=523.4087792441886
MSE=440192.9202448396
