MAE=459.62652143377625
MSE=353406.02796128596
