MAE=316.07042885617625
MSE=184141.59296101707
