MAE=595.1313407756688
MSE=546642.544818778
