MAE=467.5699348004439
MSE=372018.6845071811
