MAE=504.59714605999045
MSE=432236.55365843425
