MAE=486.4506895856637
MSE=416970.9228559729
