MAE=475.173731±14.909929
MSE=384175.654857±28028.098441
