MAE=546.3430858165912
MSE=488732.13536075194
