MAE=324.37852440041286
MSE=189524.84447051925
