MAE=320.0669393625079
MSE=190725.1935949352
