MAE=331.531526±5.029642
MSE=196617.642798±4793.570864
