MAE=509.44885062353177
MSE=430968.62853409216
