MAE=476.8382530211105
MSE=363077.4715614297
