MAE=323.6478530466223
MSE=189193.52563293485
