MAE=325.023731±12.228995
MSE=193452.139678±12311.630991
