MAE=347.1097297452337
MSE=214693.6162355584
