MAE=553.0925326683118
MSE=469527.12330242805
