MAE=313.1320573072293
MSE=179625.1332109629
