MAE=332.61969600645335
MSE=199207.40943488822
