MAE=328.74774792189413
MSE=194661.5733584549
